19.10 20.66
22.76 27.61
15.00 8.59
25.20 30.31
25.29 30.42
11.12 11.12
18.74 22.48
14.35 18.98
18.19 22.48
19.16 26.92
20.88 21.89
16.57 15.94
18.01 18.13
16.11 11.30
29.38 35.28
13.44 16.11
20.99 20.70
27.32 23.91
15.08 20.67
32.57 32.89
16.63 26.01
20.36 19.19
14.55 12.77
23.98 24.42
19.03 15.96
17.42 23.38
29.28 32.69
28.64 33.15
20.50 20.48
25.38 22.11
9.53 13.07
31.07 37.07
25.79 26.19
14.04 21.49
23.29 33.82
25.70 26.28
21.72 28.68
19.46 17.60
13.95 9.29
22.18 24.23
20.78 24.40
24.85 18.94
14.01 14.96
17.20 13.82
16.49 15.41
19.62 24.62
17.83 16.11
20.65 24.60
22.75 24.30
21.02 23.58
19.15 21.80
11.76 7.85
18.84 23.71
21.28 29.20
18.16 21.15
22.45 22.61
26.27 27.97
22.95 17.87
22.84 31.73
19.12 14.60
24.75 31.45
15.87 16.10
17.62 24.20
18.28 19.54
22.53 21.10
19.53 22.64
29.27 28.36
19.29 24.18
10.96 20.48
25.25 31.84
9.97 14.17
23.73 19.92
24.43 26.91
21.25 21.70
19.79 24.30
20.25 22.97
21.83 24.74
25.54 29.21
19.20 17.63
23.64 21.97
26.44 27.13
11.22 17.49
13.91 17.73
27.91 31.93
14.29 6.87
22.38 17.76
14.95 17.93
18.41 16.54
16.63 23.27
27.27 36.57
13.99 19.08
26.18 19.07
24.14 28.54
20.79 18.42
17.77 26.66
12.37 13.39
17.51 19.41
12.74 14.71
21.49 21.61
22.76 24.69

